p01,p02,p05,p06
342,13,11.99,2005-07-29 22:37:41.000
3146,116,11.99,2005-08-21 23:34:00.000
5280,195,11.99,2005-08-23 22:19:33.000
5281,196,11.99,2005-05-25 18:18:19.000
5550,204,11.99,2005-08-22 23:48:56.000
6409,237,11.99,2005-08-02 22:18:13.000
8272,305,11.99,2005-06-17 23:51:21.000
9803,362,11.99,2005-08-21 23:28:58.000
15821,591,11.99,2005-07-07 20:45:51.000
15850,592,11.99,2005-07-06 22:58:31.000
44,2,10.99,2005-07-30 13:47:43.000
69,3,10.99,2005-07-27 20:23:12.000
324,12,10.99,2005-08-01 06:50:26.000
551,21,10.99,2005-06-21 01:04:35.000
793,29,10.99,2005-07-09 21:55:19.000
908,33,10.99,2005-06-15 09:46:33.000
1254,45,10.99,2005-08-23 14:47:26.000
1347,49,10.99,2005-07-29 11:15:36.000
1379,50,10.99,2005-07-31 07:09:55.000
1511,54,10.99,2005-08-22 17:20:17.000
2084,76,10.99,2005-08-23 05:17:23.000
2133,78,10.99,2005-08-02 03:16:31.000
2341,86,10.99,2005-07-28 10:21:52.000
2383,87,10.99,2005-08-20 21:13:58.000
2800,104,10.99,2005-05-26 02:26:23.000
3078,114,10.99,2005-07-29 12:32:20.000
3427,127,10.99,2005-08-01 21:35:01.000
3498,129,10.99,2005-08-20 07:54:54.000
3674,136,10.99,2005-08-17 18:27:22.000
3796,140,10.99,2005-08-19 09:31:48.000
4026,148,10.99,2005-07-12 16:37:55.000
4041,148,10.99,2005-08-02 17:42:49.000
4071,149,10.99,2005-07-09 15:36:17.000
4431,163,10.99,2005-07-10 03:54:38.000
4570,168,10.99,2005-08-17 04:25:47.000
4834,178,10.99,2005-07-09 05:59:47.000
5082,187,10.99,2005-07-06 10:26:56.000
5306,196,10.99,2005-07-31 21:29:28.000
5439,200,10.99,2005-08-20 21:31:52.000
5507,203,10.99,2005-07-30 05:21:32.000
5590,206,10.99,2005-08-19 17:26:55.000
5757,212,10.99,2005-07-08 11:59:19.000
5961,220,10.99,2005-07-30 22:20:29.000
5979,221,10.99,2005-06-19 10:50:02.000
6260,232,10.99,2005-07-30 17:44:24.000
6642,245,10.99,2005-07-29 21:46:21.000
7009,259,10.99,2005-08-23 00:05:57.000
7017,260,10.99,2005-06-17 18:09:04.000
7359,272,10.99,2005-07-31 10:26:19.000
7468,276,10.99,2005-05-30 02:45:16.000
7525,277,10.99,2005-08-22 08:24:32.000
7817,289,10.99,2005-06-19 18:40:29.000
7917,292,10.99,2005-08-18 22:15:18.000
8073,297,10.99,2005-08-18 11:58:48.000
8144,300,10.99,2005-07-10 10:09:17.000
8186,301,10.99,2005-08-22 16:24:42.000
8243,304,10.99,2005-05-25 21:58:58.000
8343,307,10.99,2005-07-27 01:03:06.000
8419,310,10.99,2005-07-06 16:01:16.000
8942,331,10.99,2005-07-07 18:01:22.000
9002,333,10.99,2005-07-30 18:03:13.000
9094,336,10.99,2005-08-22 11:01:15.000
9334,345,10.99,2005-08-21 21:00:03.000
9392,347,10.99,2005-08-18 09:13:42.000
9845,364,10.99,2005-07-10 18:54:05.000
9939,367,10.99,2005-08-21 13:41:14.000
10044,371,10.99,2005-08-02 07:38:44.000
10075,372,10.99,2005-08-02 09:19:22.000
10214,377,10.99,2005-07-28 15:36:48.000
10293,380,10.99,2005-07-31 08:05:31.000
10525,388,10.99,2005-08-21 06:26:48.000
10940,404,10.99,2005-08-22 19:28:02.000
11108,410,10.99,2005-08-02 11:16:19.000
11196,414,10.99,2005-07-06 22:05:47.000
11306,418,10.99,2005-07-30 00:36:31.000
11366,420,10.99,2005-08-01 14:25:40.000
11517,426,10.99,2005-07-27 21:14:28.000
11522,426,10.99,2005-07-31 23:29:51.000
11667,433,10.99,2005-05-29 01:01:26.000
11701,434,10.99,2005-07-08 23:27:16.000
11904,441,10.99,2005-07-31 05:40:35.000
12101,448,10.99,2005-07-30 11:58:50.000
12353,457,10.99,2005-08-21 08:18:18.000
12397,459,10.99,2005-07-29 11:19:59.000
12409,459,10.99,2005-08-20 18:16:26.000
12428,460,10.99,2005-08-01 20:12:33.000
12636,468,10.99,2005-08-02 13:45:05.000
12658,469,10.99,2005-07-06 01:03:29.000
12703,470,10.99,2005-07-26 22:56:00.000
12718,470,10.99,2005-08-18 22:37:39.000
12888,477,10.99,2005-06-18 08:33:23.000
12895,477,10.99,2005-07-28 11:25:39.000
12988,481,10.99,2005-07-08 10:11:45.000
13761,511,10.99,2005-06-20 07:39:33.000
13892,516,10.99,2005-06-16 14:52:02.000
13996,520,10.99,2005-07-10 15:02:17.000
14169,526,10.99,2005-08-16 23:10:34.000
14247,529,10.99,2005-08-01 05:53:49.000
14302,531,10.99,2005-08-02 14:05:42.000
14580,542,10.99,2005-06-20 06:53:47.000
14620,544,10.99,2005-06-15 18:30:46.000
14655,545,10.99,2005-08-18 19:11:45.000
14754,550,10.99,2005-06-21 05:18:27.000
14771,550,10.99,2005-08-19 11:27:32.000
14939,558,10.99,2005-06-21 21:10:39.000
15037,561,10.99,2005-07-29 09:20:16.000
15068,562,10.99,2005-08-19 20:28:48.000
15108,564,10.99,2005-07-27 19:01:03.000
15142,565,10.99,2005-08-01 20:59:58.000
15208,567,10.99,2005-08-23 06:18:43.000
15295,571,10.99,2005-06-20 08:15:27.000
15313,572,10.99,2005-06-17 04:05:12.000
15353,573,10.99,2005-07-31 12:14:19.000
15947,595,10.99,2005-07-31 11:51:46.000
5,1,9.99,2005-06-15 21:08:46.000
137,5,9.99,2005-08-18 00:10:04.000
224,8,9.99,2005-08-02 13:04:12.000
292,11,9.99,2005-07-30 03:17:13.000
343,13,9.99,2005-07-30 14:38:22.000
355,13,9.99,2005-08-21 05:44:07.000
359,14,9.99,2005-05-27 04:34:41.000
491,19,9.99,2005-05-25 18:43:49.000
503,19,9.99,2005-07-31 20:01:06.000
507,19,9.99,2005-08-18 02:31:18.000
572,21,9.99,2005-08-20 09:26:14.000
593,22,9.99,2005-08-19 09:43:25.000
619,23,9.99,2005-07-30 14:26:46.000
689,26,9.99,2005-06-17 18:14:08.000
764,28,9.99,2005-07-27 23:07:40.000
826,30,9.99,2005-07-09 06:44:30.000
866,31,9.99,2005-07-08 13:24:58.000
889,32,9.99,2005-07-09 15:57:15.000
902,32,9.99,2005-08-18 09:50:40.000
1009,36,9.99,2005-08-21 19:15:33.000
1020,37,9.99,2005-07-29 06:54:48.000
1092,39,9.99,2005-08-01 15:44:43.000
1116,40,9.99,2005-08-18 09:11:23.000
1127,41,9.99,2005-07-07 15:56:23.000
1213,44,9.99,2005-07-08 12:44:59.000
1241,45,9.99,2005-07-27 00:15:35.000
1299,47,9.99,2005-07-11 09:31:04.000
1315,48,9.99,2005-06-16 12:18:41.000
1334,49,9.99,2005-06-15 04:44:10.000
1369,50,9.99,2005-07-10 08:48:39.000
1397,51,9.99,2005-07-06 01:02:39.000
1458,53,9.99,2005-05-30 02:01:21.000
1514,55,9.99,2005-05-31 03:46:19.000
1565,57,9.99,2005-05-26 00:41:10.000
1590,57,9.99,2005-08-20 17:13:48.000
1592,57,9.99,2005-08-23 16:24:24.000
1602,58,9.99,2005-07-27 03:52:27.000
1681,61,9.99,2005-08-17 21:50:25.000
1823,67,9.99,2005-05-27 02:22:26.000
1901,70,9.99,2005-08-02 14:24:08.000
1911,71,9.99,2005-05-26 16:27:11.000
1977,73,9.99,2005-07-12 03:47:44.000
2047,75,9.99,2005-07-31 10:15:46.000
2110,77,9.99,2005-08-20 11:17:45.000
2157,79,9.99,2005-07-27 09:35:54.000
2201,81,9.99,2005-07-09 00:34:16.000
2230,82,9.99,2005-07-28 05:04:47.000
2284,84,9.99,2005-07-11 23:27:52.000
2302,85,9.99,2005-05-29 00:54:53.000
2336,86,9.99,2005-07-08 05:34:41.000
2364,87,9.99,2005-06-20 18:25:57.000
2454,90,9.99,2005-07-30 00:08:08.000
2712,101,9.99,2005-05-27 21:13:10.000
2766,102,9.99,2005-08-19 22:57:25.000
2770,103,9.99,2005-05-28 20:23:23.000
2840,105,9.99,2005-07-30 12:56:44.000
2982,111,9.99,2005-07-06 22:19:17.000
3154,117,9.99,2005-07-11 05:52:50.000
3228,120,9.99,2005-06-19 19:18:27.000
3233,120,9.99,2005-07-08 10:05:02.000
3251,120,9.99,2005-08-21 12:48:48.000
3275,121,9.99,2005-08-21 11:02:09.000
3370,125,9.99,2005-07-30 09:51:21.000
3403,126,9.99,2005-08-02 11:42:40.000
3531,131,9.99,2005-06-16 09:12:53.000
3551,131,9.99,2005-08-18 08:04:35.000
3617,134,9.99,2005-06-16 07:08:38.000
3719,137,9.99,2005-08-23 21:56:04.000
3738,138,9.99,2005-07-31 15:49:40.000
3778,139,9.99,2005-08-22 16:59:05.000
3786,140,9.99,2005-07-11 23:02:19.000
3833,142,9.99,2005-05-28 10:56:09.000
3894,144,9.99,2005-07-12 16:35:07.000
4029,148,9.99,2005-07-28 10:07:04.000
4107,150,9.99,2005-08-21 15:00:49.000
4167,153,9.99,2005-07-12 18:20:54.000
4238,156,9.99,2005-06-17 17:45:09.000
4591,169,9.99,2005-07-12 02:20:09.000
4620,170,9.99,2005-07-31 20:49:10.000
4630,171,9.99,2005-05-29 18:10:24.000
4654,171,9.99,2005-08-21 18:06:32.000
4806,177,9.99,2005-07-11 13:13:45.000
4830,178,9.99,2005-06-20 02:38:06.000
4895,180,9.99,2005-07-08 21:55:25.000
4926,181,9.99,2005-07-29 13:03:31.000
5011,184,9.99,2005-08-18 00:57:06.000
5026,185,9.99,2005-07-07 10:32:25.000
5095,187,9.99,2005-08-18 12:48:45.000
5143,189,9.99,2005-08-01 02:34:06.000
5168,190,9.99,2005-08-17 17:13:16.000
5351,197,9.99,2005-08-20 22:51:25.000
5418,200,9.99,2005-05-26 16:20:56.000
5463,201,9.99,2005-08-20 06:23:53.000
5591,206,9.99,2005-08-20 03:58:51.000
5604,207,9.99,2005-07-06 09:38:33.000
5627,207,9.99,2005-08-20 16:32:10.000
5656,209,9.99,2005-05-27 03:55:25.000
5687,209,9.99,2005-08-23 02:51:27.000
5756,212,9.99,2005-06-19 15:58:38.000
5823,214,9.99,2005-08-19 20:44:00.000
5957,220,9.99,2005-07-28 05:55:30.000
6095,226,9.99,2005-07-12 13:24:47.000
6208,230,9.99,2005-07-31 19:20:18.000
6223,231,9.99,2005-07-06 02:54:33.000
6554,242,9.99,2005-08-01 16:18:45.000
6561,242,9.99,2005-08-19 17:42:06.000
6612,244,9.99,2005-08-02 14:09:08.000
6613,244,9.99,2005-08-17 09:48:06.000
6723,249,9.99,2005-07-07 19:15:58.000
6964,258,9.99,2005-07-10 22:11:04.000
7119,263,9.99,2005-08-17 21:04:35.000
7161,265,9.99,2005-07-10 10:32:52.000
7237,267,9.99,2005-08-19 16:18:24.000
7283,269,9.99,2005-07-07 07:20:29.000
7311,270,9.99,2005-07-06 23:28:24.000
7409,274,9.99,2005-06-21 06:55:36.000
7444,275,9.99,2005-07-08 21:26:11.000
7563,279,9.99,2005-07-09 18:15:32.000
7599,280,9.99,2005-08-01 23:49:33.000
7604,280,9.99,2005-08-19 16:12:49.000
7646,282,9.99,2005-07-31 06:00:52.000
7713,285,9.99,2005-07-10 08:52:13.000
7720,285,9.99,2005-07-27 18:26:39.000
7721,285,9.99,2005-07-28 05:46:28.000
7730,285,9.99,2005-08-18 19:57:39.000
7740,286,9.99,2005-07-07 23:59:43.000
7766,287,9.99,2005-06-18 07:02:32.000
7804,288,9.99,2005-08-02 02:31:15.000
7838,289,9.99,2005-08-19 16:54:12.000
7925,293,9.99,2005-06-16 04:58:03.000
7937,293,9.99,2005-07-12 00:09:41.000
7990,295,9.99,2005-07-06 18:21:13.000
8001,295,9.99,2005-07-29 22:55:38.000
8124,299,9.99,2005-07-28 10:02:25.000
8163,300,9.99,2005-08-21 21:07:59.000
8384,309,9.99,2005-06-19 03:12:42.000
8453,311,9.99,2005-08-23 15:15:02.000
8547,315,9.99,2005-07-31 08:57:49.000
8611,318,9.99,2005-05-26 10:18:27.000
8623,319,9.99,2005-05-25 00:39:22.000
8719,322,9.99,2005-08-20 07:49:06.000
8788,325,9.99,2005-07-27 09:42:27.000
8849,327,9.99,2005-08-23 17:56:01.000
9214,340,9.99,2005-08-22 22:25:17.000
9228,341,9.99,2005-07-29 18:12:49.000
9285,343,9.99,2005-07-28 18:23:49.000
9405,348,9.99,2005-07-08 04:48:41.000
9692,359,9.99,2005-07-11 23:49:37.000
9723,360,9.99,2005-07-27 23:23:31.000
9830,363,9.99,2005-08-20 09:32:56.000
9945,368,9.99,2005-06-15 22:53:30.000
10045,371,9.99,2005-08-18 09:12:52.000
10082,372,9.99,2005-08-20 21:35:58.000
10170,375,9.99,2005-08-17 23:20:45.000
10355,382,9.99,2005-07-30 00:12:41.000
10402,384,9.99,2005-06-20 15:56:05.000
10554,389,9.99,2005-08-23 21:11:33.000
10628,392,9.99,2005-07-29 13:28:20.000
10690,394,9.99,2005-08-18 13:22:25.000
10772,398,9.99,2005-06-20 19:55:47.000
10900,403,9.99,2005-08-02 18:40:12.000
11010,407,9.99,2005-07-10 04:23:11.000
11016,407,9.99,2005-07-28 23:04:10.000
11194,414,9.99,2005-06-19 03:09:46.000
11276,417,9.99,2005-07-07 22:07:55.000
11393,421,9.99,2005-08-20 00:49:04.000
11414,422,9.99,2005-08-19 04:16:13.000
11437,423,9.99,2005-07-27 21:39:42.000
11438,423,9.99,2005-07-28 09:30:02.000
11440,423,9.99,2005-07-29 12:47:43.000
11478,424,9.99,2005-08-23 18:46:44.000
11713,434,9.99,2005-08-19 21:04:49.000
11746,436,9.99,2005-06-18 07:36:46.000
11755,436,9.99,2005-07-28 18:32:49.000
11756,436,9.99,2005-07-30 18:13:51.000
11766,436,9.99,2005-08-19 10:55:19.000
11831,439,9.99,2005-05-29 15:17:28.000
11860,439,9.99,2005-08-22 09:51:54.000
11874,440,9.99,2005-07-28 07:58:17.000
11955,443,9.99,2005-07-28 14:36:52.000
12013,445,9.99,2005-08-02 02:55:04.000
12048,446,9.99,2005-07-30 02:08:25.000
12103,448,9.99,2005-08-17 11:21:43.000
12110,448,9.99,2005-08-22 21:29:14.000
12256,454,9.99,2005-06-19 11:17:12.000
12268,454,9.99,2005-07-30 19:04:30.000
12384,459,9.99,2005-06-21 02:39:44.000
12396,459,9.99,2005-07-29 02:23:24.000
12471,462,9.99,2005-06-17 06:24:30.000
12585,467,9.99,2005-06-20 00:17:46.000
12604,467,9.99,2005-08-18 10:42:43.000
12643,468,9.99,2005-08-21 07:44:17.000
12645,468,9.99,2005-08-21 18:03:51.000
12656,469,9.99,2005-06-16 11:17:22.000
12688,469,9.99,2005-08-23 05:02:31.000
12846,475,9.99,2005-07-09 20:30:03.000
12879,476,9.99,2005-08-01 15:05:52.000
12959,480,9.99,2005-05-29 21:36:00.000
12966,480,9.99,2005-07-28 11:44:56.000
12975,480,9.99,2005-08-19 12:08:13.000
13044,483,9.99,2005-07-12 21:44:16.000
13074,484,9.99,2005-07-30 20:46:02.000
13159,487,9.99,2005-08-02 04:12:27.000
13199,489,9.99,2005-08-02 08:44:44.000
13264,492,9.99,2005-06-21 07:09:44.000
13328,494,9.99,2005-08-22 14:29:11.000
13344,495,9.99,2005-07-30 19:27:05.000
13394,497,9.99,2005-07-30 15:05:36.000
13541,502,9.99,2005-08-19 09:31:42.000
13582,504,9.99,2005-07-06 10:47:35.000
13592,504,9.99,2005-07-29 06:02:11.000
13613,505,9.99,2005-07-11 00:16:35.000
13636,506,9.99,2005-06-19 16:56:31.000
13644,506,9.99,2005-07-28 18:32:46.000
13660,506,9.99,2005-08-23 10:02:46.000
13689,508,9.99,2005-07-10 07:33:43.000
13748,510,9.99,2005-07-28 07:28:03.000
13795,512,9.99,2005-08-17 12:22:04.000
13820,513,9.99,2005-07-29 16:15:43.000
14050,522,9.99,2005-07-08 05:08:55.000
14180,526,9.99,2005-08-23 22:21:03.000
14214,528,9.99,2005-07-07 03:35:33.000
14254,529,9.99,2005-08-20 17:44:32.000
14352,533,9.99,2005-07-12 18:59:45.000
14585,542,9.99,2005-07-12 21:00:23.000
14594,542,9.99,2005-08-22 07:20:55.000
14612,543,9.99,2005-08-02 13:29:24.000
14628,544,9.99,2005-07-30 03:46:26.000
14670,546,9.99,2005-07-12 15:13:49.000
14707,547,9.99,2005-08-21 14:44:41.000
14740,549,9.99,2005-07-31 00:25:05.000
14753,550,9.99,2005-06-21 02:47:43.000
14776,550,9.99,2005-08-23 00:26:47.000
14791,551,9.99,2005-07-27 04:51:15.000
14863,554,9.99,2005-08-17 02:28:22.000
14940,558,9.99,2005-07-06 11:33:36.000
14948,558,9.99,2005-07-12 01:49:00.000
14996,560,9.99,2005-07-07 20:20:29.000
15097,563,9.99,2005-08-20 14:57:50.000
15164,566,9.99,2005-07-09 05:20:40.000
15255,569,9.99,2005-08-20 04:08:39.000
15288,571,9.99,2005-05-26 10:54:28.000
15349,573,9.99,2005-07-10 01:46:29.000
15510,579,9.99,2005-07-08 08:01:09.000
15520,579,9.99,2005-07-30 18:20:08.000
15601,582,9.99,2005-07-31 09:48:41.000
15614,583,9.99,2005-06-18 17:48:28.000
15621,583,9.99,2005-07-06 23:33:41.000
15672,585,9.99,2005-07-08 10:41:06.000
15684,585,9.99,2005-08-02 14:44:02.000
15778,589,9.99,2005-07-28 13:06:16.000
15797,590,9.99,2005-06-20 07:33:29.000
15843,591,9.99,2005-08-20 15:05:42.000
15852,592,9.99,2005-07-07 08:26:39.000
15929,595,9.99,2005-07-06 14:02:26.000
16038,599,9.99,2005-07-12 17:03:56.000
1670,60,9.98,2006-02-14 15:16:03.000
62,3,8.99,2005-06-16 01:34:05.000
81,3,8.99,2005-08-19 22:18:07.000
83,3,8.99,2005-08-21 20:50:48.000
101,4,8.99,2005-08-18 05:14:44.000
122,5,8.99,2005-07-11 03:17:04.000
188,7,8.99,2005-07-09 21:52:05.000
201,7,8.99,2005-08-18 07:57:14.000
271,10,8.99,2005-08-01 17:09:59.000
334,13,8.99,2005-06-20 12:45:33.000
336,13,8.99,2005-07-11 07:43:08.000
406,15,8.99,2005-08-19 20:18:36.000
413,15,8.99,2005-08-22 03:23:41.000
446,16,8.99,2005-08-21 14:45:34.000
451,17,8.99,2005-06-19 12:29:08.000
456,17,8.99,2005-07-28 17:45:58.000
458,17,8.99,2005-07-30 08:30:56.000
460,17,8.99,2005-07-30 19:23:44.000
474,18,8.99,2005-06-20 09:02:51.000
505,19,8.99,2005-08-16 23:27:36.000
509,19,8.99,2005-08-20 09:53:44.000
510,19,8.99,2005-08-20 12:46:32.000
571,21,8.99,2005-08-20 00:50:54.000
574,21,8.99,2005-08-20 23:24:07.000
581,22,8.99,2005-05-29 21:07:22.000
601,23,8.99,2005-05-25 21:20:03.000
650,24,8.99,2005-08-18 00:53:37.000
661,25,8.99,2005-06-19 08:23:11.000
672,25,8.99,2005-07-30 10:12:01.000
714,26,8.99,2005-08-21 03:37:42.000
743,27,8.99,2005-08-17 05:25:57.000
903,32,8.99,2005-08-20 10:31:23.000
909,33,8.99,2005-06-20 22:21:10.000
1028,37,8.99,2005-08-20 21:19:36.000
1075,39,8.99,2005-07-08 11:07:59.000
1109,40,8.99,2005-07-30 06:59:55.000
1215,44,8.99,2005-07-10 14:08:49.000
1246,45,8.99,2005-08-02 05:04:18.000
1263,46,8.99,2005-06-20 07:33:38.000
1271,46,8.99,2005-07-30 06:36:57.000
1346,49,8.99,2005-07-28 05:33:16.000
1372,50,8.99,2005-07-12 11:36:22.000
1559,56,8.99,2005-08-20 04:17:16.000
1611,58,8.99,2005-08-18 05:08:54.000
1630,59,8.99,2005-07-09 10:39:31.000
1635,59,8.99,2005-07-30 22:56:34.000
1662,60,8.99,2005-08-02 19:12:40.000
1703,62,8.99,2005-08-20 02:27:13.000
1710,63,8.99,2005-07-06 20:34:10.000
1716,63,8.99,2005-07-12 19:22:37.000
1730,63,8.99,2005-08-20 06:51:02.000
1781,65,8.99,2005-08-02 12:48:05.000
1804,66,8.99,2005-07-11 17:12:42.000
1822,66,8.99,2005-08-23 06:23:26.000
1837,67,8.99,2005-08-02 15:10:06.000
1838,67,8.99,2005-08-17 15:15:01.000
1846,68,8.99,2005-06-17 08:50:58.000
1871,69,8.99,2005-07-06 18:39:38.000
1918,71,8.99,2005-07-10 02:48:03.000
2092,77,8.99,2005-06-18 19:29:21.000
2134,78,8.99,2005-08-18 12:10:03.000
2167,80,8.99,2005-06-19 19:29:17.000
2170,80,8.99,2005-07-07 14:36:05.000
2183,80,8.99,2005-08-01 18:05:54.000
2193,80,8.99,2005-08-23 08:27:57.000
2219,82,8.99,2005-05-26 19:47:49.000
2222,82,8.99,2005-06-18 23:29:53.000
2223,82,8.99,2005-06-19 20:13:33.000
2234,82,8.99,2005-07-30 16:45:56.000
2287,84,8.99,2005-07-29 15:04:27.000
2320,85,8.99,2005-08-02 07:03:24.000
2338,86,8.99,2005-07-10 12:27:38.000
2345,86,8.99,2005-08-01 02:39:39.000
2375,87,8.99,2005-07-30 18:44:44.000
2379,87,8.99,2005-08-18 04:11:03.000
2399,88,8.99,2005-07-28 00:34:06.000
2412,89,8.99,2005-06-15 06:05:18.000
2419,89,8.99,2005-07-08 15:01:25.000
2508,92,8.99,2005-06-19 15:59:04.000
2509,92,8.99,2005-07-06 04:59:49.000
2547,93,8.99,2005-08-20 17:58:00.000
2563,94,8.99,2005-07-07 15:37:31.000
2686,99,8.99,2005-08-19 02:50:36.000
2694,100,8.99,2005-07-06 15:01:27.000
2696,100,8.99,2005-07-08 23:54:29.000
2720,101,8.99,2005-07-28 10:08:01.000
2740,102,8.99,2005-06-18 17:21:24.000
2794,103,8.99,2005-08-22 23:13:10.000
2799,103,8.99,2005-08-23 22:43:07.000
2824,105,8.99,2005-05-27 01:18:57.000
2864,106,8.99,2005-08-01 01:03:18.000
2866,106,8.99,2005-08-01 09:01:40.000
2907,108,8.99,2005-06-17 15:47:00.000
2930,108,8.99,2005-08-23 04:52:16.000
2961,110,8.99,2005-06-16 00:32:52.000
3021,112,8.99,2005-08-20 06:20:42.000
3027,112,8.99,2005-08-23 09:46:33.000
3035,113,8.99,2005-06-20 18:28:19.000
3194,119,8.99,2005-07-08 18:18:16.000
3265,121,8.99,2005-07-30 04:00:19.000
3267,121,8.99,2005-08-17 07:46:54.000
3319,123,8.99,2005-07-08 18:54:07.000
3328,123,8.99,2005-08-01 03:53:49.000
3346,124,8.99,2005-07-28 03:54:14.000
3467,128,8.99,2005-08-22 05:16:16.000
3469,128,8.99,2005-08-23 15:25:27.000
3542,131,8.99,2005-07-29 11:40:08.000
3671,136,8.99,2005-07-12 06:50:52.000
3696,137,8.99,2005-07-28 16:11:15.000
3831,142,8.99,2005-05-25 00:09:02.000
3890,144,8.99,2005-07-09 18:52:08.000
3925,145,8.99,2005-07-07 11:19:51.000
3998,147,8.99,2005-08-01 20:08:49.000
4010,147,8.99,2005-08-23 11:32:35.000
4025,148,8.99,2005-07-12 10:27:19.000
4055,148,8.99,2005-08-22 22:26:13.000
4102,150,8.99,2005-08-19 16:54:12.000
4229,155,8.99,2005-08-21 08:10:56.000
4297,158,8.99,2005-06-21 00:34:56.000
4298,158,8.99,2005-07-07 06:58:14.000
4343,159,8.99,2005-08-21 16:51:34.000
4447,163,8.99,2005-08-23 03:30:45.000
4454,164,8.99,2005-06-20 15:32:11.000
4505,166,8.99,2005-07-30 05:12:01.000
4574,168,8.99,2005-08-19 08:04:50.000
4586,169,8.99,2005-07-05 23:46:19.000
4608,170,8.99,2005-06-18 16:59:34.000
4627,170,8.99,2005-08-20 21:08:49.000
4680,172,8.99,2005-08-18 18:11:39.000
4707,173,8.99,2005-07-29 22:33:34.000
4716,173,8.99,2005-08-23 13:25:44.000
4733,174,8.99,2005-08-01 13:02:58.000
4771,176,8.99,2005-06-18 00:48:31.000
4877,179,8.99,2005-07-29 18:23:57.000
4905,180,8.99,2005-08-02 04:41:17.000
4906,180,8.99,2005-08-18 06:07:31.000
4922,181,8.99,2005-07-26 23:40:07.000
4929,181,8.99,2005-07-30 18:37:00.000
4965,182,8.99,2005-07-28 16:50:26.000
5035,185,8.99,2005-07-29 16:16:33.000
5062,186,8.99,2005-08-18 10:42:52.000
5085,187,8.99,2005-07-10 11:50:51.000
5094,187,8.99,2005-08-18 05:48:23.000
5097,187,8.99,2005-08-20 17:28:57.000
5098,187,8.99,2005-08-22 02:27:32.000
5226,193,8.99,2005-06-21 07:08:19.000
5312,196,8.99,2005-08-20 12:36:42.000
5327,197,8.99,2005-06-16 06:17:55.000
5332,197,8.99,2005-07-08 01:09:09.000
5355,197,8.99,2005-08-23 04:12:52.000
5398,199,8.99,2005-07-08 06:04:23.000
5411,199,8.99,2005-08-01 23:53:45.000
5437,200,8.99,2005-08-02 17:42:40.000
5474,202,8.99,2005-07-06 17:24:49.000
5485,202,8.99,2005-07-30 22:45:34.000
5490,202,8.99,2005-08-19 00:27:19.000
5626,207,8.99,2005-08-20 12:56:03.000
5676,209,8.99,2005-07-29 19:22:37.000
5684,209,8.99,2005-08-20 12:32:32.000
5706,210,8.99,2005-07-29 04:20:42.000
5710,210,8.99,2005-08-18 09:45:33.000
5718,210,8.99,2005-08-23 18:48:40.000
5720,211,8.99,2005-06-19 19:58:16.000
5722,211,8.99,2005-07-06 21:15:38.000
5740,211,8.99,2005-08-02 07:24:47.000
5785,213,8.99,2005-07-08 09:49:22.000
5840,215,8.99,2005-07-08 22:36:06.000
5842,215,8.99,2005-07-11 00:02:19.000
5868,216,8.99,2005-07-29 23:44:43.000
5882,217,8.99,2005-05-31 19:42:02.000
5911,218,8.99,2005-07-27 10:09:39.000
5956,220,8.99,2005-07-12 18:51:41.000
5988,221,8.99,2005-07-27 21:19:34.000
6002,221,8.99,2005-08-22 12:53:22.000
6008,222,8.99,2005-06-15 14:27:47.000
6010,222,8.99,2005-07-09 11:22:39.000
6141,228,8.99,2005-07-06 10:28:53.000
6152,228,8.99,2005-07-27 20:37:19.000
6191,230,8.99,2005-06-18 19:25:47.000
6221,231,8.99,2005-05-28 03:07:50.000
6238,231,8.99,2005-08-18 03:11:04.000
6248,232,8.99,2005-06-19 21:34:54.000
6281,233,8.99,2005-07-27 03:46:27.000
6349,236,8.99,2005-06-17 21:29:34.000
6398,237,8.99,2005-07-28 13:21:16.000
6416,237,8.99,2005-08-22 13:38:11.000
6428,238,8.99,2005-07-29 03:25:56.000
6438,238,8.99,2005-08-21 08:40:21.000
6457,239,8.99,2005-07-27 02:01:03.000
6487,240,8.99,2005-07-27 18:51:54.000
6497,240,8.99,2005-08-20 08:12:33.000
6627,245,8.99,2005-05-30 15:44:27.000
6655,246,8.99,2005-05-27 15:30:13.000
6772,251,8.99,2005-07-27 14:13:34.000
6878,255,8.99,2005-07-27 19:07:43.000
6887,255,8.99,2005-08-20 11:21:26.000
6909,256,8.99,2005-08-17 04:27:18.000
6958,258,8.99,2005-06-20 04:50:45.000
7013,260,8.99,2005-05-31 14:13:59.000
7034,260,8.99,2005-08-02 04:06:46.000
7050,261,8.99,2005-06-17 10:42:34.000
7073,262,8.99,2005-06-19 23:06:28.000
7100,263,8.99,2005-06-17 20:54:36.000
7134,264,8.99,2005-07-11 19:46:05.000
7138,264,8.99,2005-07-27 01:42:20.000
7176,265,8.99,2005-08-20 09:26:17.000
7202,266,8.99,2005-08-20 00:56:44.000
7329,271,8.99,2005-05-31 13:30:49.000
7362,272,8.99,2005-08-17 03:02:56.000
7379,273,8.99,2005-07-12 07:19:35.000
7389,273,8.99,2005-08-01 03:14:34.000
7426,274,8.99,2005-08-19 12:05:04.000
7427,274,8.99,2005-08-20 03:58:41.000
7481,276,8.99,2005-07-30 13:38:17.000
7534,278,8.99,2005-07-08 19:09:59.000
7637,282,8.99,2005-07-09 16:17:44.000
7695,284,8.99,2005-07-28 04:33:15.000
7727,285,8.99,2005-08-17 20:01:12.000
7735,286,8.99,2005-06-16 12:24:18.000
7823,289,8.99,2005-07-09 17:20:03.000
7846,290,8.99,2005-06-15 12:01:34.000
7905,292,8.99,2005-07-11 15:59:10.000
7913,292,8.99,2005-07-30 04:41:42.000
7924,293,8.99,2005-05-31 04:53:40.000
7950,293,8.99,2005-08-22 23:17:41.000
7988,295,8.99,2005-06-21 15:17:39.000
8004,295,8.99,2005-07-31 07:11:04.000
8051,297,8.99,2005-06-18 02:09:24.000
8057,297,8.99,2005-07-10 11:57:38.000
8099,298,8.99,2005-08-18 23:21:50.000
8107,299,8.99,2005-05-28 14:48:39.000
8108,299,8.99,2005-06-16 09:23:20.000
8204,302,8.99,2005-07-30 19:10:03.000
8221,303,8.99,2005-06-18 03:27:03.000
8251,304,8.99,2005-07-08 17:07:11.000
8279,305,8.99,2005-07-10 12:10:11.000
8363,308,8.99,2005-07-07 15:34:35.000
8391,309,8.99,2005-07-09 15:55:36.000
8446,311,8.99,2005-07-31 13:53:33.000
8454,311,8.99,2005-08-23 21:34:33.000
8537,315,8.99,2005-05-28 06:20:55.000
8555,316,8.99,2005-05-28 18:59:12.000
8563,316,8.99,2005-06-21 13:35:32.000
8588,317,8.99,2005-07-07 10:12:36.000
8598,317,8.99,2005-07-31 09:52:40.000
8618,318,8.99,2005-07-07 19:21:22.000
8635,319,8.99,2005-07-10 14:16:22.000
8649,319,8.99,2005-08-18 10:16:57.000
8683,321,8.99,2005-07-10 18:39:01.000
8698,322,8.99,2005-06-16 04:53:21.000
8703,322,8.99,2005-06-21 16:57:07.000
8722,322,8.99,2005-08-23 10:23:48.000
8775,324,8.99,2005-08-21 06:08:13.000
8903,329,8.99,2005-08-20 06:59:00.000
8939,331,8.99,2005-07-06 17:58:51.000
8970,332,8.99,2005-07-27 22:56:07.000
8972,332,8.99,2005-07-28 12:33:10.000
9015,334,8.99,2005-05-27 16:31:05.000
9049,335,8.99,2005-07-07 20:56:47.000
9084,336,8.99,2005-07-30 03:18:24.000
9088,336,8.99,2005-08-18 06:36:22.000
9099,337,8.99,2005-05-30 00:28:12.000
9112,337,8.99,2005-07-30 01:57:03.000
9202,340,8.99,2005-08-01 16:58:22.000
9233,341,8.99,2005-08-19 10:06:53.000
9243,342,8.99,2005-07-12 00:02:50.000
9267,342,8.99,2005-08-21 20:27:44.000
9277,343,8.99,2005-06-20 08:35:03.000
9326,345,8.99,2005-07-29 16:44:48.000
9329,345,8.99,2005-08-01 01:04:28.000
9342,346,8.99,2005-07-08 23:19:52.000
9347,346,8.99,2005-07-12 20:46:35.000
9352,346,8.99,2005-07-29 18:25:03.000
9365,346,8.99,2005-08-23 08:52:03.000
9368,347,8.99,2005-06-16 14:11:52.000
9371,347,8.99,2005-06-20 16:04:42.000
9390,347,8.99,2005-08-17 08:45:55.000
9401,348,8.99,2005-06-17 14:19:00.000
9408,348,8.99,2005-07-08 17:01:48.000
9438,349,8.99,2005-06-20 13:59:21.000
9453,349,8.99,2005-08-02 22:46:47.000
9573,354,8.99,2005-07-29 08:40:36.000
9647,357,8.99,2005-07-11 17:01:52.000
9684,359,8.99,2005-05-26 19:21:44.000
9780,362,8.99,2005-07-08 09:23:26.000
9826,363,8.99,2005-07-31 16:58:42.000
9878,365,8.99,2005-08-19 00:33:15.000
9921,367,8.99,2005-07-07 14:11:55.000
9935,367,8.99,2005-08-18 08:07:25.000
9953,368,8.99,2005-07-08 21:27:48.000
9962,368,8.99,2005-08-01 19:21:42.000
9967,368,8.99,2005-08-19 14:27:16.000
10032,371,8.99,2005-07-07 06:52:23.000
10042,371,8.99,2005-07-30 09:20:59.000
10073,372,8.99,2005-07-29 22:49:00.000
10081,372,8.99,2005-08-20 15:10:13.000
10102,373,8.99,2005-07-30 17:31:03.000
10145,374,8.99,2005-08-21 15:05:27.000
10151,375,8.99,2005-05-26 21:48:13.000
10180,376,8.99,2005-07-07 09:33:30.000
10186,376,8.99,2005-07-12 04:56:30.000
10219,377,8.99,2005-08-01 00:08:01.000
10250,379,8.99,2005-06-15 15:20:06.000
10285,380,8.99,2005-07-27 02:26:38.000
10335,381,8.99,2005-08-19 14:58:30.000
10367,383,8.99,2005-05-29 11:47:02.000
10423,385,8.99,2005-07-06 18:27:09.000
10440,385,8.99,2005-08-18 19:55:09.000
10451,386,8.99,2005-07-07 10:51:07.000
10540,389,8.99,2005-07-28 11:00:58.000
10586,390,8.99,2005-08-22 19:44:59.000
10649,393,8.99,2005-07-08 04:18:36.000
10655,393,8.99,2005-07-26 23:00:01.000
10844,401,8.99,2005-07-29 17:58:58.000
10879,403,8.99,2005-06-15 05:38:09.000
10918,404,8.99,2005-07-08 07:46:53.000
10932,404,8.99,2005-08-18 14:47:28.000
10998,406,8.99,2005-07-31 06:03:17.000
11020,407,8.99,2005-08-02 12:19:50.000
11064,409,8.99,2005-06-18 08:45:59.000
11081,409,8.99,2005-08-19 22:03:22.000
11111,410,8.99,2005-08-19 06:05:58.000
11157,412,8.99,2005-07-29 04:09:07.000
11158,412,8.99,2005-07-29 06:44:23.000
11168,412,8.99,2005-08-23 13:41:05.000
11219,415,8.99,2005-07-08 22:01:48.000
11235,415,8.99,2005-08-20 10:17:08.000
11263,416,8.99,2005-08-18 21:33:53.000
11271,417,8.99,2005-05-28 17:24:51.000
11378,421,8.99,2005-07-06 23:30:42.000
11428,423,8.99,2005-06-20 14:21:31.000
11467,424,8.99,2005-07-31 00:40:58.000
11485,425,8.99,2005-07-08 01:03:12.000
11627,431,8.99,2005-06-21 13:20:31.000
11645,432,8.99,2005-05-30 09:10:01.000
11666,433,8.99,2005-05-26 00:07:11.000
11672,433,8.99,2005-07-11 00:03:22.000
11723,435,8.99,2005-07-06 20:26:15.000
11788,437,8.99,2005-07-31 18:00:28.000
11791,437,8.99,2005-08-18 02:21:08.000
11814,438,8.99,2005-07-27 15:20:57.000
11892,441,8.99,2005-07-07 05:16:00.000
11920,442,8.99,2005-06-16 03:54:39.000
11954,443,8.99,2005-07-28 02:37:22.000
11969,444,8.99,2005-05-26 07:13:45.000
12007,445,8.99,2005-07-29 23:26:19.000
12053,446,8.99,2005-08-18 12:26:43.000
12069,447,8.99,2005-07-29 10:44:54.000
12102,448,8.99,2005-08-17 03:36:52.000
12121,449,8.99,2005-07-06 23:00:49.000
12172,451,8.99,2005-07-08 16:30:11.000
12175,451,8.99,2005-07-10 01:15:11.000
12177,451,8.99,2005-08-01 05:01:46.000
12229,453,8.99,2005-07-07 02:35:46.000
12272,454,8.99,2005-08-20 01:42:29.000
12274,454,8.99,2005-08-20 09:13:23.000
12288,455,8.99,2005-07-08 18:57:30.000
12323,456,8.99,2005-08-19 12:45:55.000
12434,460,8.99,2005-08-19 15:35:38.000
12479,462,8.99,2005-07-27 12:38:47.000
12481,462,8.99,2005-07-28 06:34:23.000
12494,462,8.99,2005-08-19 00:27:41.000
12495,462,8.99,2005-08-19 09:05:38.000
12537,464,8.99,2005-08-20 07:46:30.000
12545,465,8.99,2005-06-17 23:37:29.000
12561,466,8.99,2005-06-18 19:04:41.000
12583,467,8.99,2005-06-16 15:59:44.000
12598,467,8.99,2005-07-29 08:44:46.000
12617,468,8.99,2005-06-16 07:51:09.000
12706,470,8.99,2005-07-29 08:39:12.000
12717,470,8.99,2005-08-18 10:14:52.000
12731,471,8.99,2005-07-11 19:30:13.000
12772,472,8.99,2005-08-19 14:27:03.000
12798,473,8.99,2005-07-30 09:26:08.000
12814,474,8.99,2005-06-16 17:39:39.000
12899,477,8.99,2005-07-30 21:53:01.000
12910,478,8.99,2005-06-19 07:33:00.000
12936,479,8.99,2005-07-07 10:28:33.000
12942,479,8.99,2005-07-12 19:29:19.000
12946,479,8.99,2005-07-30 21:38:12.000
12954,479,8.99,2005-08-19 10:16:43.000
13008,482,8.99,2005-05-26 15:32:46.000
13017,482,8.99,2005-07-10 15:22:04.000
13019,482,8.99,2005-07-11 20:56:29.000
13040,483,8.99,2005-06-21 13:58:46.000
13076,484,8.99,2005-07-31 23:22:20.000
13087,485,8.99,2005-06-16 15:01:36.000
13111,485,8.99,2005-08-18 04:16:06.000
13114,486,8.99,2005-05-30 10:43:38.000
13130,486,8.99,2005-07-29 07:06:21.000
13170,488,8.99,2005-07-09 08:05:14.000
13222,490,8.99,2005-07-12 22:40:48.000
13242,491,8.99,2005-07-07 03:27:59.000
13265,492,8.99,2005-07-07 07:35:25.000
13310,494,8.99,2005-07-27 21:50:09.000
13378,497,8.99,2005-06-18 00:47:43.000
13406,498,8.99,2005-05-27 16:21:26.000
13454,499,8.99,2005-08-17 18:56:53.000
13462,500,8.99,2005-05-25 18:57:24.000
13463,500,8.99,2005-05-27 10:45:41.000
13523,502,8.99,2005-07-12 15:16:00.000
13525,502,8.99,2005-07-26 22:51:53.000
13603,504,8.99,2005-08-23 11:17:26.000
13629,506,8.99,2005-05-28 07:24:28.000
13640,506,8.99,2005-07-08 17:01:02.000
13693,508,8.99,2005-07-26 22:59:19.000
13703,508,8.99,2005-08-01 19:58:49.000
13712,509,8.99,2005-05-29 22:50:25.000
13721,509,8.99,2005-07-28 19:14:06.000
13731,510,8.99,2005-05-25 11:13:34.000
13737,510,8.99,2005-06-19 15:06:15.000
13740,510,8.99,2005-06-21 11:26:29.000
13747,510,8.99,2005-07-28 02:58:16.000
13796,512,8.99,2005-08-19 06:12:44.000
13860,515,8.99,2005-05-26 05:42:37.000
13882,515,8.99,2005-08-18 12:42:50.000
13908,516,8.99,2005-08-19 17:53:42.000
13916,517,8.99,2005-06-16 21:00:20.000
13967,519,8.99,2005-06-18 23:28:27.000
14045,522,8.99,2005-06-20 16:55:55.000
14079,523,8.99,2005-06-18 19:10:55.000
14108,524,8.99,2005-07-27 02:14:40.000
14173,526,8.99,2005-08-19 15:52:13.000
14175,526,8.99,2005-08-20 06:35:30.000
14191,527,8.99,2005-07-27 20:28:34.000
14221,528,8.99,2005-07-30 23:42:42.000
14305,531,8.99,2005-08-19 18:46:56.000
14315,532,8.99,2005-07-10 15:08:41.000
14332,532,8.99,2005-08-19 14:30:06.000
14348,533,8.99,2005-07-07 06:49:09.000
14354,533,8.99,2005-07-28 18:29:16.000
14364,533,8.99,2005-08-17 09:33:02.000
14407,535,8.99,2005-07-10 20:00:25.000
14415,535,8.99,2005-08-17 08:40:55.000
14442,536,8.99,2005-07-30 20:38:22.000
14448,536,8.99,2005-08-17 20:57:02.000
14451,536,8.99,2005-08-23 20:08:18.000
14456,537,8.99,2005-06-19 05:05:11.000
14457,537,8.99,2005-06-20 19:29:09.000
14476,537,8.99,2005-08-23 15:21:35.000
14485,538,8.99,2005-07-09 07:53:22.000
14497,538,8.99,2005-07-31 15:29:00.000
14543,540,8.99,2005-08-02 02:20:19.000
14547,540,8.99,2005-08-17 21:07:41.000
14561,541,8.99,2005-07-28 19:14:00.000
14586,542,8.99,2005-07-28 02:49:41.000
14635,544,8.99,2005-08-21 19:31:09.000
14642,545,8.99,2005-07-06 09:56:09.000
14687,547,8.99,2005-05-27 18:35:20.000
14689,547,8.99,2005-06-17 12:44:39.000
14762,550,8.99,2005-07-30 03:35:49.000
14817,552,8.99,2005-07-30 18:09:56.000
14829,553,8.99,2005-06-18 19:54:13.000
14865,554,8.99,2005-08-17 19:17:54.000
14980,559,8.99,2005-08-01 17:03:28.000
15059,562,8.99,2005-07-12 08:08:50.000
15125,564,8.99,2005-08-22 10:22:00.000
15153,565,8.99,2005-08-20 17:05:34.000
15184,566,8.99,2005-08-18 08:32:33.000
15258,569,8.99,2005-08-22 04:20:55.000
15299,571,8.99,2005-07-12 11:53:40.000
15300,571,8.99,2005-07-12 16:37:28.000
15403,575,8.99,2005-07-10 19:06:47.000
15416,575,8.99,2005-08-18 05:05:28.000
15428,576,8.99,2005-06-18 18:58:12.000
15443,576,8.99,2005-07-31 04:19:18.000
15469,577,8.99,2005-07-28 10:24:22.000
15515,579,8.99,2005-07-27 00:23:54.000
15553,580,8.99,2005-08-02 10:10:56.000
15571,581,8.99,2005-07-08 17:12:51.000
15584,581,8.99,2005-08-20 22:56:34.000
15657,584,8.99,2005-08-18 13:19:13.000
15680,585,8.99,2005-07-30 20:25:24.000
15691,586,8.99,2005-05-30 09:38:41.000
15720,587,8.99,2005-07-27 20:16:59.000
15769,589,8.99,2005-06-19 10:35:26.000
15770,589,8.99,2005-06-19 13:57:08.000
15785,589,8.99,2005-08-19 05:18:20.000
15825,591,8.99,2005-07-27 05:53:50.000
15866,592,8.99,2005-08-02 19:29:01.000
15874,593,8.99,2005-05-30 23:29:22.000
15900,594,8.99,2005-05-27 06:51:14.000
15916,594,8.99,2005-07-27 21:24:33.000
15923,594,8.99,2005-08-01 18:38:02.000
15985,597,8.99,2005-05-28 03:09:28.000
16047,599,8.99,2005-08-23 06:09:44.000
2059,75,8.97,2006-02-14 15:16:03.000
